[[    0.             0.          2000.        ]
 [  758.39689188 12355.15657072  2000.        ]
 [ 4297.30421253 12012.41540355  2000.        ]
 [ 1360.76381815 11456.55349753  2000.        ]
 [ 6755.7283386   8313.93550828  2000.        ]
 [ 6170.46952714  7199.88101115  2000.        ]
 [ 5738.92107382  5044.74214392  2000.        ]
 [ 8662.49657626  4878.35260546  2000.        ]
 [ 4321.28359208  2511.67533032  2000.        ]
 [ 6886.04182764  3353.1616541   2000.        ]
 [12385.89356639  7112.86843122  2000.        ]
 [11065.90886356  5036.19977054  2000.        ]
 [10214.17312873  3885.18706779  2000.        ]
 [ 3280.99859883   672.40107673  2000.        ]
 [10222.09499517  2922.45958431  2000.        ]
 [ 3688.67067126  6667.29793658  2000.        ]
 [ 5348.96450971  7985.99971339  2000.        ]
 [ 4791.45512612  7976.31462321  2000.        ]
 [ 4586.03381588  3880.21916045  2000.        ]
 [ 2035.08895372  4724.44871408  2000.        ]
 [ 6193.47496205  3020.03695658  2000.        ]
 [ 6625.89944532  6705.56955045  2000.        ]
 [ 9141.86418116  8280.19290297  2000.        ]
 [ 2061.34773299  7639.48760113  2000.        ]
 [ 2094.63983458  1865.18095454  2000.        ]
 [ 3289.80512123  6397.08940158  2000.        ]
 [ 1663.17006065  2417.13863163  2000.        ]
 [ 1750.85485309  2463.40191922  2000.        ]
 [ 5322.25325236  2361.01461692  2000.        ]
 [ 8429.04370041  1179.08907689  2000.        ]]